a_s = 2.1e-09
baryon = 0.15548992495601352
baryon_fraction = 0.1554899249560135
cs2_de = 1.0
h0 = 0.6726
hubble = 67.25999999999999
k_s = 0.05
n_run = 0.0
n_s = 0.96
ombh2 = 0.0222
omch2 = 0.12057452385600001
omega_b = 0.049072620316117865
omega_c = 0.2665273796838821
omega_k = 0.0
omega_lambda = 0.6844
omega_m = 0.3156
omega_nu = 0.0
ommh2 = 0.142774523856
omnuh2 = 0.0
r_t = 0.0
sigma_8 = 0.8248058327112995
tau = 0.08
w = -1.0
wa = 0.0
yhe = 0.245341
